Authors to Integers Dictionary 
A Tibuzzi : 0
AM Agogino : 1
C Lohachit : 2
C Newman : 3
C Pulkate : 4
J Hey : 5
J Wesson : 6
JS Sandhu : 7
L Barnard : 8
M Kam : 9
N Poosanthanasarn : 10
S Sriboorapa : 11
W Fungladda : 12
X Hua : 13



Pure python matrix: 

0, 0, 0, 0, 0, 0, 0, 0, 0, 1, 0, 0, 0, 1
0, 0, 0, 1, 0, 1, 0, 1, 0, 0, 0, 0, 0, 0
0, 0, 0, 0, 1, 0, 0, 0, 0, 0, 1, 1, 1, 0
0, 1, 0, 0, 0, 1, 0, 1, 0, 0, 0, 0, 0, 0
0, 0, 1, 0, 0, 0, 0, 0, 0, 0, 1, 1, 1, 0
0, 1, 0, 1, 0, 0, 0, 1, 0, 0, 0, 0, 0, 0
0, 0, 0, 0, 0, 0, 0, 0, 1, 0, 0, 0, 0, 0
0, 1, 0, 1, 0, 1, 0, 0, 0, 0, 0, 0, 0, 0
0, 0, 0, 0, 0, 0, 1, 0, 0, 0, 0, 0, 0, 0
1, 0, 0, 0, 0, 0, 0, 0, 0, 0, 0, 0, 0, 1
0, 0, 1, 0, 1, 0, 0, 0, 0, 0, 0, 1, 1, 0
0, 0, 1, 0, 1, 0, 0, 0, 0, 0, 1, 0, 1, 0
0, 0, 1, 0, 1, 0, 0, 0, 0, 0, 1, 1, 0, 0
1, 0, 0, 0, 0, 0, 0, 0, 0, 1, 0, 0, 0, 0
